4.782037649680865 
10.25902609037756 
12.91204035541676 
15.48984457497299 
15.0640303491886 
14.56579964126074 
12.83257872517358 
15.34488094958946 
18.35007207708373 
19.89153003940338 
24.50531173975122 
23.77871148158129 
29.39401617626627 
35.10008123524526 
39.18030038318165 
43.02516067044401 
43.49910936903266 
38.57846043867914 
39.81951797718188 
41.04374045069549 
41.4022959529326 
46.038532967156 
52.76526360284812 
44.90803594924299 
45.35772100162384 
64.12179341980507 
59.20449658746504 
50.2676095155328 
47.80222010572257 
41.67903865600375 
38.4099205979835 
32.94406217838601 
37.32027346296411 
30.4608361307112 
35.36040331045591 
28.6748592554509 
30.99701947979977 
20.6393958155731 
18.80570738935051 
18.97932949024029 
27.1594137138296 
30.51083016682091 
34.91439287897155 
34.8900974101507 
34.40048728453356 
26.72771682439601 
19.39804653749721 
2.946610047121745 
1.336110738411395 
-5.445554330815294 
-9.826593773832636 
-1.907506076516407 
-0.1379533335728269 
9.451859449882988 
5.481635725290792 
5.157638305929677 
6.716628501207065 
4.735963913884131 
-0.3292452665352314 
-4.059746640990022 
-7.785539679849714 
-1.180761078056652 
0.0203600131765736 
2.423255084835179 
6.539701385729328 
10.86260991967587 
11.39521581995269 
10.55563609945714 
4.616384834233775 
0.3804153138505464 
-3.889575039709748 
-11.51853362434911 
-13.85042557216719 
-15.04368403930235 
-9.318400226759341 
-8.52661072022903 
-9.894010127915438 
-13.56558046949175 
-15.23662900542837 
-10.89111308604137 
-13.42980673742821 
-10.17972982285994 
-10.61467270246591 
-5.168870307122861 
-0.8025923842637532 
-1.026926361462299 
3.673037697122115 
10.06292417862253 
10.60688725620982 
11.33298718784367 
5.157531816712845 
1.629380446874904 
-0.8087410543007563 
-3.05426140172282 
-6.011199825846987 
-8.604679140421938 
-8.907084532362887 
-10.04653111736551 
-9.31179448914283 
-6.573171696117003 
-6.514242656681978 
-7.824278550417195 
-4.199975507774795 
-4.562352954157144 
4.279311024003659 
10.11594973460104 
6.76686520094134 
9.294348293035931 
8.397978189683581 
19.08636074957629 
20.49696582563674 
19.87824742278045 
12.3979513802428 
12.68210657458335 
4.107609476415439 
-2.832080125676458 
-2.819962777410651 
-2.225214866470924 
-4.594458074518705 
10.90633105119138 
43.42199687362296 
81.24771924420909 
55.45214202368842 
48.93891505911158 
83.87922339945651 
94.56482758924726 
27.67744743025247 
20.89508215436186 
1.302270354515044 
1.180011649550634 
13.67146862928718 
15.98423987438616 
9.372222469148857 
9.013019937129592 
12.63245918572023 
4.047186438259981 
-4.422062174513042 
-8.525013979481828 
-15.54690141843992 
-22.31412646204952 
-28.92988657173465 
-27.05144098805825 
-29.50563013064848 
-27.60085443576867 
-23.73456092796496 
-19.81318747561683 
-22.90237039617229 
-21.95904881602587 
-22.24698315827275 
-20.95310735461644 
-0.1139718655454433 
-3.329072250202976 
-3.885397501807059 
-1.207921056627716 
0.5836235681167889 
3.584708584946795 
6.045933337497088 
8.840649358802448 
9.724989948314999 
11.017617162947 
8.944968907977904 
17.76504347060847 
12.81006998293243 
10.97156847204381 
12.63342415844046 
14.64222588168545 
20.19611489865917 
20.89732661341077 
25.52094601081873 
26.47172949634126 
28.56329657515974 
28.40361565085323 
26.08669394900518 
21.70480880499187 
31.49977508144153 
20.87186546854506 
17.72443110952783 
22.6928681301021 
21.21610832022498 
27.59842839162432 
28.001635886888 
30.84988805551357 
36.14585972208343 
48.43908163982601 
51.5671772233321 
39.71455881007478 
33.56524494566555 
19.33089138984578 
26.92856326869651 
25.52829289699829 
28.10359015892043 
34.17415762791327 
44.52969269429954 
49.71362040391093 
52.68112126950439 
39.67684459830183 
29.86153909194418 
22.24257969111878 
14.66001709625657 
3.688687223056648 
-0.5285217629344025 
3.905664765537677 
12.8877095102131 
12.44928816324286 
-2.309126538870274 
-0.5521312020747786 
-4.214284666242798 
0.1946497352417348 
-1.309789501832735 
-5.23629870084007 
-7.725484780751972 
-7.492329370960942 
-4.227724558557023 
-8.547709939511861 
-3.265575860568016 
-1.13345342617473 
-0.9889458858841812 
1.706462721070449 
0.688252003643834 
-0.1713507448278758 
-1.694973469513481 
-5.276017078580323 
-5.86601215143008 
-3.269553171597952 
-7.956199537560781 
-13.93949890835872 
-11.73332218059674 
-9.947813100230571 
-10.29600184505149 
-10.08632971244934 
-9.277794202238312 
-10.14228415940874 
-11.67444260633118 
-12.13732467843207 
-10.73273544274265 
-8.080684122764678 
-7.28801215310722 
12.87767512253172 
13.42369497593122 
12.81493639169937 
7.681504983703467 
4.674849533366131 
6.096138981706535 
5.044884962044971 
6.078953964793982 
6.38043433895157 
8.40901756670366 
9.799065565611457 
11.79405731825035 
16.73724934996996 
20.83225831904868 
23.85778222792047 
25.12970725137079 
22.99856565771035 
21.70447902536253 
25.21742355114957 
24.59685511062617 
23.89785573883675 
23.45264058893074 
18.91333900788821 
26.325082218137 
19.25884950136502 
14.47198564305876 
14.24902620821601 
16.09497740848606 
23.60176214876788 
28.44534291058961 
31.61727324757112 
20.1278617384138 
20.58244776524739 
23.12991520226505 
21.64647828197237 
18.04865805512944 
21.25406409171006 
10.74167927063561 
11.51607864107254 
11.50987214560207 
11.17294167368624 
0.6651422618413976 
-3.908013364240464 
-10.29499422581859 
-9.310587544077549 
-9.974130401260009 
-12.75639274170959 
-16.46672612923053 
-20.24599302196485 
-22.27317955144408 
-22.24224719921421 
-22.57965066992056 
-21.7436860849157 
-21.1099577165245 
-22.87294979617164 
-23.97551269221297 
-22.08077223662772 
1.426142528203854 
2.407555043707458 
4.395873178084929 
5.828501313464742 
4.643327186943418 
2.519419248293235 
4.801930393490971 
3.848293794879354 
8.463305285134355 
7.033666618452918 
7.325812446649882 
11.29548595509681 
12.50067509150577 
18.08334997964699 
18.95799609714798 
19.8637841983681 
19.56326309396375 
21.13357238289376 
10.26901439043198 
9.193692492411424 
7.386181594528835 
5.500897578512202 
3.665835888878143 
2.258247835990924 
0.5308976974743846 
0.4901089498397213 
1.429721697446179 
-1.150467019129671 
-1.395149430419516 
-5.388964910173757 
-8.185198564713586 
-9.881438412398998 
-12.12947754838271 
-9.770668609628926 
-6.919532154207751 
-5.848526086005061 
-3.34181391075601 
-3.425857685617905 
-2.306909441070002 
-1.589306005711332 
-3.445211150708127 
-2.819052760996372 
15.09186027014714 
11.44468532849167 
6.583109489196377 
7.673414636561242 
7.586009471593937 
6.046300217207294 
4.676041156930124 
8.772375438972597 
10.42093276465287 
9.593180138063929 
16.09856646846632 
16.26085172423948 
18.11009585052975 
18.65886418415253 
23.45253524957868 
26.94309557345574 
33.67946689818919 
37.78897487081488 
40.3627394744945 
42.8416867377186 
40.94100054048425 
43.56814015904698 
44.26327546773412 
36.91596335685519 
37.29433396263774 
39.55795687116555 
47.94514927568675 
49.29853012665428 
59.88997071906527 
60.72522326593462 
102.643929471503 
181.4082285399099 
171.6101433941086 
160.7911661474826 
136.3462369148437 
74.44930801692897 
65.6248196560348 
58.74714597856173 
58.17628232102251 
48.78149297603502 
52.63162105846904 
53.30351488693398 
45.51124908929232 
37.96231839707602 
36.45045596010835 
21.95633615985442 
19.30652551597693 
16.38173779435467 
9.772758191697427 
6.169220420993326 
4.549177819352582 
2.328592234218705 
4.193725154214969 
7.175448156739866 
3.825140852229003 
5.857172900601395 
6.076158083250827 
4.298099210164297 
3.604023385945017 
6.485065267145917 
4.908352420399743 
5.765583810101123 
7.952659032954442 
3.405851936921337 
-1.311777777531414 
3.511695877902167 
5.068901499738191 
4.621010750025817 
5.069106962787313 
2.09195041492847 
-1.414583738170581 
-2.265628688357122 
-3.855821371755887 
-7.876974715251965 
-9.844501837952212 
-11.28501104818908 
-11.07438918967196 
-7.15709199159614 
-5.321366627548016 
-0.5877063676369247 
2.666845462446212 
7.045581872539777 
11.1848468370756 
20.5346976795889 
13.67902186392203 
16.13715968319203 
15.97615255833327 
15.07757065726245 
10.61311257523323 
8.617719935463981 
10.08101724726794 
8.722613672226123 
8.938116581731235 
11.66697885919781 
11.645597271299 
11.91312188776216 
13.79929012622995 
11.21201429811634 
4.639921091990415 
1.432181915882926 
-4.733553040620956 
-9.132081759978526 
-13.82391110717354 
-12.23813119553698 
-6.000887338020622 
1.474911838629742 
1.225565799408838 
1.293415996925958 
0.9029119100901191 
-2.655114234566054 
-8.313316722929773 
-8.740735547052578 
-14.43717988462431 
-20.3037530338692 
-18.74577641803467 
-13.30607499066564 
-9.473884680350833 
-9.062602837883929 
-5.14247025468507 
-7.815973481490418 
-9.282302371136062 
-11.89540226215069 
-17.15844445197666 
-19.11015473738281 
-23.11871410173232 
-22.77398877921602 
-19.3176389716014 
-15.28612911472116 
-14.36672591254664 
1.488022596310174 
0.7755884026426606 
-0.05026102511510572 
-3.164679589133379 
-2.229190729388076 
-0.6564471748970959 
-2.054555267592518 
-4.555034650552592 
-4.981183141983698 
-2.80603245203016 
-1.836391459273518 
-1.080637366611279 
0.001720888975559332 
4.647910605391792 
6.533668249733164 
8.638855288681833 
12.60151560234947 
15.88226188672613 
13.86492749228475 
10.26882954110832 
12.85134177614527 
18.01514760365604 
12.25028690154313 
8.546923536786212 
5.379493248215105 
5.183117385151536 
2.346404382159044 
0.04247608512787093 
0.6338189878923084 
-9.401507873426606 
-6.162030814013 
-10.17947128025561 
-12.59411549834689 
-9.709800412036085 
-7.811188864749791 
-10.30155897295091 
-7.772323061491839 
-4.872730527277731 
1.926335933469613 
-1.862458457014657 
-3.063535942158202 
-3.110378225139558 
-3.363698244827331 
-3.080500623161206 
-3.309657114167959 
-6.443190326309313 
-9.342881468734348 
-8.242022621468342 
-13.41968314520857 
-14.17557388673293 
-12.74185376228693 
-4.621192665787254 
-3.677960828444875 
-0.4979865791055997 
3.592857993644994 
8.668076348421053 
7.721306785747426 
12.64478252171232 
15.8161533755181 
18.83968407545732 
22.32693253284396 
24.00616333016109 
21.60745886530601 
16.99218708526275 
13.2280339448143 
12.23809251677102 
11.99641863735991 
11.83007167585512 
11.96117876607781 
10.60404438251552 
10.7661581859459 
10.93952760873326 
11.88059167964537 
13.44342718405264 
13.00387963687282 
16.8111401395914 
16.8823395870912 
20.06759746017087 
23.18504280440706 
28.27481443468123 
36.70214627084436 
34.01716080453621 
36.6213058139533 
35.32855949542592 
33.92811820241338 
39.62266077512871 
32.67998452573256 
31.34833576733229 
25.34737861437819 
23.46753642531534 
24.96335466138441 
20.68662730425153 
16.00236073547245 
15.05307363892546 
12.90027723802801 
9.485974289273384 
11.13543020329324 
10.2666484938181 
9.418174202832768 
6.826991609951762 
4.540831248197605 
2.467035079636759 
0.8997272765768335 
1.506526175645039 
4.822089692072292 
6.956823625403235 
6.782688904762904 
5.832548075670966 
5.214725613618173 
0.9419517000998382 
-4.270841530712072 
-8.064100407166972 
-7.428617707004332 
-6.88502056111692 
-10.36725160613316 
-9.949438679740954 
-11.06962160568213 
5.250721239802755 
4.242395882883327 
3.592180270979054 
4.806944038864849 
6.04461223585467 
9.723810990434334 
12.86044203039991 
13.81744400381538 
16.67921231254273 
16.44418651881135 
17.63765367563663 
20.39734307993205 
22.49324310149569 
22.10530968007559 
21.33348392267263 
23.08389515367761 
25.01559648337158 
31.16834855603525 
32.30392974111044 
33.4333713862411 
40.12657906040486 
47.1292277737196 
39.72829617472397 
35.1887673729173 
29.57786703942319 
28.30145499374113 
3.597334229230483 
5.909687550701666 
4.840954022725843 
5.209718079217058 
3.106150814272422 
1.347599147374886 
4.508708459548624 
2.164179560403569 
-3.599836857448569 
-3.672804086852853 
-6.170928864166787 
-12.47623234613679 
-12.20587719404295 
-10.05014477138471 
-7.886986511163401 
-4.903583420647721 
4.86244700096908 
4.908999359512106 
6.336010826975857 
5.311108468111473 
4.211534851151023 
-1.736642799228383 
-3.794828233922054 
-0.5705093564528241 
-0.2728260756018314 
1.564016478204862 
1.321279668786077 
0.5065981555909815 
0.771700343149514 
1.450994560406771 
1.789795687635813 
2.995959197705292 
3.773512202379193 
5.25661265503448 
6.52191564811709 
7.060392066594483 
9.792668345047186 
10.72034265598859 
12.74941083676032 
14.66847309237452 
19.50932656359467 
23.63623000150965 
27.89135858307059 
28.97435354537762 
30.25154986737992 
32.59720780889045 
38.53089897089216 
38.67320512958651 
32.7992725833766 
45.14422755613327 
42.61453799907552 
45.8761997107946 
62.40923522640414 
78.17336990584732 
84.91414310567723 
103.1678060252998 
65.90807208951952 
58.45609351629186 
60.95704443922494 
59.54386922470609 
58.06975562692309 
62.4253838619012 
45.05907331389115 
47.70507536498955 
58.69283451546145 
38.48825947156823 
28.87685642508374 
17.7050394802862 
15.04890086974162 
13.21336705945026 
19.26751996707423 
14.93497932236365 
11.79965847664541 
5.883263896907474 
0.5677815878477743 
2.582030629582884 
-3.82083026931646 
-14.82195402504283 
-20.10244338691903 
-23.50414346590834 
-24.56420873414863 
-22.78173838500827 
-15.82586497372992 
-12.95967711404153 
-11.79698512818021 
-9.114630204861289 
-8.010408395715318 
-2.93512306836235 
-4.035588705311591 
0.9795511515115123 
-2.654485113206953 
-4.257568889663872 
-2.268963779897105 
-4.580420532222025 
-4.535830671247477 
-8.253883928823576 
-13.02447456388708 
-12.69120765172348 
-18.13111009624343 
-19.68270782337176 
